catch.r <-
structure(list(Year = c(1980L, 1980L, 1980L, 1980L, 1980L, 1980L,
1980L, 1980L, 1980L, 1980L, 1980L, 1980L, 1981L, 1981L, 1981L,
1981L, 1981L, 1981L, 1981L, 1981L, 1981L, 1981L, 1981L, 1981L,
1982L, 1982L, 1982L, 1982L, 1982L, 1982L, 1982L, 1982L, 1982L,
1982L, 1982L, 1982L, 1983L, 1983L, 1983L, 1983L, 1983L, 1983L,
1983L, 1983L, 1983L, 1983L, 1983L, 1983L, 1984L, 1984L, 1984L,
1984L, 1984L, 1984L, 1984L, 1984L, 1984L, 1984L, 1984L, 1984L,
1985L, 1985L, 1985L, 1985L, 1985L, 1985L, 1985L, 1985L, 1985L,
1985L, 1985L, 1985L, 1986L, 1986L, 1986L, 1986L, 1986L, 1986L,
1986L, 1986L, 1986L, 1986L, 1986L, 1986L, 1987L, 1987L, 1987L,
1987L, 1987L, 1987L, 1987L, 1987L, 1987L, 1987L, 1987L, 1987L,
1988L, 1988L, 1988L, 1988L, 1988L, 1988L, 1988L, 1988L, 1988L,
1988L, 1988L, 1988L, 1989L, 1989L, 1989L, 1989L, 1989L, 1989L,
1989L, 1989L, 1989L, 1989L, 1989L, 1989L, 1990L, 1990L, 1990L,
1990L, 1990L, 1990L, 1990L, 1990L, 1990L, 1990L, 1990L, 1990L,
1991L, 1991L, 1991L, 1991L, 1991L, 1991L, 1991L, 1991L, 1991L,
1991L, 1991L, 1991L, 1992L, 1992L, 1992L, 1992L, 1992L, 1992L,
1992L, 1992L, 1992L, 1992L, 1992L, 1992L, 1993L, 1993L, 1993L,
1993L, 1993L, 1993L, 1993L, 1993L, 1993L, 1993L, 1993L, 1993L,
1994L, 1994L, 1994L, 1994L, 1994L, 1994L, 1994L, 1994L, 1994L,
1994L, 1994L, 1994L, 1995L, 1995L, 1995L, 1995L, 1995L, 1995L,
1995L, 1995L, 1995L, 1995L, 1995L, 1995L, 1996L, 1996L, 1996L,
1996L, 1996L, 1996L, 1996L, 1996L, 1996L, 1996L, 1996L, 1996L,
1997L, 1997L, 1997L, 1997L, 1997L, 1997L, 1997L, 1997L, 1997L,
1997L, 1997L, 1997L, 1998L, 1998L, 1998L, 1998L, 1998L, 1998L,
1998L, 1998L, 1998L, 1998L, 1998L, 1998L, 1999L, 1999L, 1999L,
1999L, 1999L, 1999L, 1999L, 1999L, 1999L, 1999L, 1999L, 1999L,
2000L, 2000L, 2000L, 2000L, 2000L, 2000L, 2000L, 2000L, 2000L,
2000L, 2000L, 2000L, 2001L, 2001L, 2001L, 2001L, 2001L, 2001L,
2001L, 2001L, 2001L, 2001L, 2001L, 2001L, 2002L, 2002L, 2002L,
2002L, 2002L, 2002L, 2002L, 2002L, 2002L, 2002L, 2002L, 2002L,
2003L, 2003L, 2003L, 2003L, 2003L, 2003L, 2003L, 2003L, 2003L,
2003L, 2003L, 2003L, 2004L, 2004L, 2004L, 2004L, 2004L, 2004L,
2004L, 2004L, 2004L, 2004L, 2004L, 2004L, 2005L, 2005L, 2005L,
2005L, 2005L, 2005L, 2005L, 2005L, 2005L, 2005L, 2005L, 2005L,
2006L, 2006L, 2006L, 2006L, 2006L, 2006L, 2006L, 2006L, 2006L,
2006L, 2006L, 2006L, 2007L, 2007L, 2007L, 2007L, 2007L, 2007L,
2007L, 2007L, 2007L, 2007L, 2007L, 2007L, 2008L, 2008L, 2008L,
2008L, 2008L, 2008L, 2008L, 2008L, 2008L, 2008L, 2008L, 2008L,
2009L, 2009L, 2009L, 2009L, 2009L, 2009L, 2009L, 2009L, 2009L,
2009L, 2009L, 2009L, 2010L, 2010L, 2010L, 2010L, 2010L, 2010L,
2010L, 2010L, 2010L, 2010L, 2010L, 2010L, 2011L, 2011L, 2011L,
2011L, 2011L, 2011L, 2011L, 2011L, 2011L, 2011L, 2011L, 2011L,
2012L, 2012L, 2012L, 2012L, 2012L, 2012L, 2012L, 2012L, 2012L,
2012L, 2012L, 2012L, 2013L, 2013L, 2013L, 2013L, 2013L, 2013L,
2013L, 2013L, 2013L, 2013L, 2013L, 2013L, 2014L, 2014L, 2014L,
2014L, 2014L, 2014L, 2014L, 2014L, 2014L, 2014L, 2014L, 2014L
), Age = c(3L, 4L, 5L, 6L, 7L, 8L, 9L, 10L, 11L, 12L, 13L, 14L,
3L, 4L, 5L, 6L, 7L, 8L, 9L, 10L, 11L, 12L, 13L, 14L, 3L, 4L,
5L, 6L, 7L, 8L, 9L, 10L, 11L, 12L, 13L, 14L, 3L, 4L, 5L, 6L,
7L, 8L, 9L, 10L, 11L, 12L, 13L, 14L, 3L, 4L, 5L, 6L, 7L, 8L,
9L, 10L, 11L, 12L, 13L, 14L, 3L, 4L, 5L, 6L, 7L, 8L, 9L, 10L,
11L, 12L, 13L, 14L, 3L, 4L, 5L, 6L, 7L, 8L, 9L, 10L, 11L, 12L,
13L, 14L, 3L, 4L, 5L, 6L, 7L, 8L, 9L, 10L, 11L, 12L, 13L, 14L,
3L, 4L, 5L, 6L, 7L, 8L, 9L, 10L, 11L, 12L, 13L, 14L, 3L, 4L,
5L, 6L, 7L, 8L, 9L, 10L, 11L, 12L, 13L, 14L, 3L, 4L, 5L, 6L,
7L, 8L, 9L, 10L, 11L, 12L, 13L, 14L, 3L, 4L, 5L, 6L, 7L, 8L,
9L, 10L, 11L, 12L, 13L, 14L, 3L, 4L, 5L, 6L, 7L, 8L, 9L, 10L,
11L, 12L, 13L, 14L, 3L, 4L, 5L, 6L, 7L, 8L, 9L, 10L, 11L, 12L,
13L, 14L, 3L, 4L, 5L, 6L, 7L, 8L, 9L, 10L, 11L, 12L, 13L, 14L,
3L, 4L, 5L, 6L, 7L, 8L, 9L, 10L, 11L, 12L, 13L, 14L, 3L, 4L,
5L, 6L, 7L, 8L, 9L, 10L, 11L, 12L, 13L, 14L, 3L, 4L, 5L, 6L,
7L, 8L, 9L, 10L, 11L, 12L, 13L, 14L, 3L, 4L, 5L, 6L, 7L, 8L,
9L, 10L, 11L, 12L, 13L, 14L, 3L, 4L, 5L, 6L, 7L, 8L, 9L, 10L,
11L, 12L, 13L, 14L, 3L, 4L, 5L, 6L, 7L, 8L, 9L, 10L, 11L, 12L,
13L, 14L, 3L, 4L, 5L, 6L, 7L, 8L, 9L, 10L, 11L, 12L, 13L, 14L,
3L, 4L, 5L, 6L, 7L, 8L, 9L, 10L, 11L, 12L, 13L, 14L, 3L, 4L,
5L, 6L, 7L, 8L, 9L, 10L, 11L, 12L, 13L, 14L, 3L, 4L, 5L, 6L,
7L, 8L, 9L, 10L, 11L, 12L, 13L, 14L, 3L, 4L, 5L, 6L, 7L, 8L,
9L, 10L, 11L, 12L, 13L, 14L, 3L, 4L, 5L, 6L, 7L, 8L, 9L, 10L,
11L, 12L, 13L, 14L, 3L, 4L, 5L, 6L, 7L, 8L, 9L, 10L, 11L, 12L,
13L, 14L, 3L, 4L, 5L, 6L, 7L, 8L, 9L, 10L, 11L, 12L, 13L, 14L,
3L, 4L, 5L, 6L, 7L, 8L, 9L, 10L, 11L, 12L, 13L, 14L, 3L, 4L,
5L, 6L, 7L, 8L, 9L, 10L, 11L, 12L, 13L, 14L, 3L, 4L, 5L, 6L,
7L, 8L, 9L, 10L, 11L, 12L, 13L, 14L, 3L, 4L, 5L, 6L, 7L, 8L,
9L, 10L, 11L, 12L, 13L, 14L, 3L, 4L, 5L, 6L, 7L, 8L, 9L, 10L,
11L, 12L, 13L, 14L, 3L, 4L, 5L, 6L, 7L, 8L, 9L, 10L, 11L, 12L,
13L, 14L), Resid = c(-0.79, -0.6, 0.25, 0.16, -0.08, 0.22, -0.05,
0.22, -0.3, -0.41, -0.7, -0.04, -0.51, -0.26, -0.56, 0.36, -0.16,
0.06, 0.12, 0.28, -0.85, 0.93, 1.19, 1.88, 0.84, -0.25, 0.13,
-0.37, 0.24, -0.03, 0.37, -0.36, -1.2, -1.15, -0.53, -0.1, -2.48,
0.94, -0.67, 0.11, 0.46, 0.2, -0.01, -0.8, -2.43, -2.79, -5.17,
-3.83, -4.23, -1.61, -1.29, 0.22, 0.47, 0.79, -0.45, 0.43, 0.96,
1.03, 3.47, 4.9, -0.28, 1.23, 0.58, 0.08, 0.27, -0.19, -1.16,
-0.75, -1.41, -3.07, 0.65, 2.46, 2.28, -0.72, 0.24, -0.32, -0.09,
0.1, -0.41, 0.93, -1.09, -1.39, -1.83, -1.75, -0.99, 0.16, 0.32,
0.22, 0.09, 0.07, 0.06, -0.18, -0.08, -2.91, -1.91, -0.24, 0.92,
-0.31, 0.06, 0.04, -0.14, 0.2, 0.79, -0.66, 0.48, -1.69, -3.27,
-6.88, -0.84, 0.61, 0.01, 0.23, -0.58, 0.04, 0.27, -0.18, 0.71,
0.37, -1.13, -3.73, -1.78, -0.54, 0.07, 0.01, 0.34, 0.06, 0.11,
-0.37, 0.07, -0.78, 0.16, -1.61, -1.96, -1.11, 0.06, 0.33, 0.03,
-0.08, 0.01, 0.72, 0.23, -1.38, -3.92, -3.95, -0.22, 0.58, 1.05,
0.43, 0.06, -0.83, -0.25, -0.4, -0.28, -1.17, 0.48, -0.88, 0.98,
-0.16, -0.33, -0.14, -0.2, -0.08, 0.4, 0.04, 0.33, 0.75, 0.65,
-1.28, 1.09, 0.98, -0.12, -0.69, -0.43, -0.46, 0.2, 0.41, 0.51,
0.8, 1.87, 1.79, 1.59, 0.28, 0.1, -0.02, 0.04, -0.08, -0.2, -0.19,
-0.26, -0.87, -0.68, -1.83, 1.45, 0.17, -0.12, -0.51, -0.34,
0.19, 0.27, 0.03, 0.39, -0.15, 1.33, 2.41, 0.25, 0.33, -0.3,
0.08, -0.03, 0.29, -0.1, -0.4, -0.3, 0.37, -1.12, 0.2, -0.36,
-0.07, -0.47, -0.76, 0.18, 0, 0.84, 0.7, 1.24, 1.15, 1.57, 0.84,
0.38, 0.03, 0, 0.08, 0, -0.2, -0.35, 0.33, -0.65, -0.57, 0.31,
0.17, -0.07, -0.2, 0.11, 0.07, -0.16, 0.48, -0.49, -0.27, -0.22,
-0.93, -0.09, -1.12, -0.09, 0.23, -0.27, -0.14, -0.03, -0.18,
0.39, 0.06, 0.13, 0.04, 0.37, 1, -0.62, -0.08, 0.18, 0.36, -0.17,
0.12, -0.26, -0.35, -0.09, -1.2, -0.1, -0.36, 0.4, -0.28, 0.42,
-0.02, -0.02, -0.61, 0.04, -0.2, 0.04, -1.24, 0.24, 1.21, -0.16,
-0.39, -0.11, 0.27, -0.1, 0.28, 0.61, 0.41, -0.05, -0.47, 0.75,
-0.26, -0.39, -0.32, -0.31, 0.44, 0.34, -0.23, -0.13, -0.01,
0.31, -0.07, -0.31, -0.43, -0.69, -0.16, -0.35, -0.03, 0.56,
0.07, -0.33, -0.1, 0.76, 0.95, 1.05, 0.12, 0.79, 0.22, 0.14,
0.25, -0.13, -0.04, -0.4, -0.48, -0.82, 0.3, 0.25, -0.26, 0.11,
0.36, 0.18, 0.23, -0.11, -0.23, -0.24, -0.3, -0.6, 0.1, 2.71,
1.7, 0.75, 0.49, -0.11, -0.27, -0.16, 0.29, -0.34, -0.12, 0.1,
0.42, 1.08, 2.54, 0.46, 0.28, 0.11, -0.46, 0.03, -0.12, 0.47,
-0.43, 0.07, -0.06, 0.84, 1.18, 0.14, -0.06, -0.05, -0.3, -0.04,
0.29, 0.14, 0.36, -0.24, -0.01, 0.48, 1.41, -0.57, -0.37, -0.27,
-0.2, -0.24, 0.06, 0.66, 0.55, 1.38, 0.12, 0.55, 0.91, -0.5,
-0.04, 0.33, -0.02, -0.19, -0.11, 0.28, 0.12, -0.36, 0.35, -0.53,
0.01, 0.16, -0.2, 0.5, -0.04, -0.22, -0.37, -0.24, 0.45, 0.28,
-0.38, 1.99, 0.16)),