catch.m <-
structure(c(275L, 203L, 508L, 107L, 53L, 376L, 3108L, 956L, 1318L,
315L, 143L, 198L, 242L, 657L, 702L, 1573L, 1102L, 603L, 183L,
989L, 850L, 1223L, 1187L, 2284L, 952L, 2607L, 1380L, 1244L, 1432L,
2820L, 2146L, 2004L, 1183L, 1163L, 668L, 2540L, 1325L, 1092L,
1750L, 657L, 4014L, 1400L, 5135L, 5067L, 4313L, 1692L, 874L,
2928L, 1083L, 2955L, 1853L, 2608L, 2960L, 1289L, 732L, 2383L,
2619L, 4190L, 4363L, 7841L, 3089L, 10051L, 6552L, 3602L, 5166L,
6284L, 4850L, 4816L, 5538L, 3499L, 5214L, 3503L, 2804L, 1065L,
800L, 3366L, 4170L, 4428L, 6619L, 8471L, 5471L, 3613L, 3844L,
2841L, 1770L, 2661L, 1868L, 2766L, 1767L, 1564L, 896L, 2184L,
3147L, 6031L, 7195L, 7333L, 2616L, 8751L, 5874L, 2084L, 3058L,
4006L, 3514L, 6366L, 4867L, 2596L, 5404L, 4845L, 2455L, 1825L,
1958L, 2665L, 5409L, 3678L, 7309L, 10112L, 6844L, 4355L, 2252L,
2603L, 1807L, 1649L, 1651L, 1545L, 2176L, 1511L, 591L, 2970L,
2472L, 5363L, 6876L, 5840L, 2124L, 6706L, 2734L, 997L, 1502L,
2417L, 2963L, 2805L, 2169L, 1457L, 4293L, 4454L, 2184L, 1536L,
1550L, 2915L, 2859L, 1794L, 6174L, 10772L, 3884L, 2247L, 1377L,
2370L, 835L, 1178L, 1114L, 1934L, 1612L, 977L, 519L, 1942L, 1563L,
3592L, 4514L, 2935L, 1155L, 2883L, 1644L, 677L, 903L, 1610L,
1276L, 1341L, 1415L, 1215L, 2311L, 3610L, 1172L, 1116L, 1348L,
1775L, 1928L, 1816L, 3223L, 4046L, 2314L, 1243L, 905L, 1233L,
599L, 658L, 669L, 1806L, 943L, 820L, 285L, 1057L, 978L, 1989L,
1817L, 1894L, 777L, 1571L, 1065L, 432L, 664L, 725L, 387L, 578L,
975L, 501L, 844L, 747L, 628L, 661L, 845L, 848L, 1087L, 858L,
1290L, 3671L, 1263L, 574L, 385L, 454L, 351L, 324L, 335L, 819L,
570L, 438L, 211L, 642L, 667L, 964L, 1248L, 1101L, 514L, 1145L,
883L, 375L, 347L, 262L, 242L, 306L, 251L, 376L, 479L, 1549L,
496L, 226L, 270L, 380L, 838L, 350L, 830L, 2009L, 482L, 267L,
125L, 265L, 140L, 173L, 186L, 309L, 289L, 224L, 119L, 485L, 395L,
803L, 847L, 656L, 323L, 1015L, 537L, 241L, 155L, 61L, 59L, 38L,
291L, 74L, 216L, 498L, 270L, 191L, 151L, 228L, 196L, 223L, 454L,
521L, 210L, 95L, 120L, 72L, 57L, 94L, 101L, 196L, 157L, 149L,
118L, 190L, 262L, 555L, 522L, 433L, 354L, 460L, 312L, 112L, 154L,
35L, 12L, 135L, 23L, 51L, 58L, 107L, 135L, 55L, 40L, 56L, 188L,
158L, 106L, 232L, 114L, 81L, 25L, 33L, 28L, 27L, 28L, 74L, 89L,
112L, 43L, 176L, 203L, 231L, 244L, 277L, 124L, 199L, 64L, 135L,
48L, 2L, 185L, 72L, 30L, 27L, 24L, 76L, 76L, 6L, 54L, 81L, 188L,
35L, 141L, 77L, 85L, 28L, 17L, 28L, 15L, 29L, 39L, 46L, 86L,
36L, 87L, 134L, 114L, 150L, 173L, 118L, 128L, 33L, 128L, 46L,
4L, 226L, 71L, 14L, 48L, 1L, 10L, 37L, 5L, 15L, 12L, 82L, 13L,
74L, 43L, 85L, 22L, 7L, 13L, 11L, 15L, 11L, 12L, 31L, 20L, 44L,
36L, 64L, 75L, 99L, 78L, 74L), .Dim = c(35L, 12L), .Dimnames = list(
    c("1980", "1981", "1982", "1983", "1984", "1985", "1986",
    "1987", "1988", "1989", "1990", "1991", "1992", "1993", "1994",
    "1995", "1996", "1997", "1998", "1999", "2000", "2001", "2002",
    "2003", "2004", "2005", "2006", "2007", "2008", "2009", "2010",
    "2011", "2012", "2013", "2014"), c("3", "4", "5", "6", "7",
    "8", "9", "10", "11", "12", "13", "14")))
