catch.d <-
structure(list(Year = c(1980L, 1980L, 1980L, 1980L, 1980L, 1980L,
1980L, 1980L, 1980L, 1980L, 1980L, 1980L, 1981L, 1981L, 1981L,
1981L, 1981L, 1981L, 1981L, 1981L, 1981L, 1981L, 1981L, 1981L,
1982L, 1982L, 1982L, 1982L, 1982L, 1982L, 1982L, 1982L, 1982L,
1982L, 1982L, 1982L, 1983L, 1983L, 1983L, 1983L, 1983L, 1983L,
1983L, 1983L, 1983L, 1983L, 1983L, 1983L, 1984L, 1984L, 1984L,
1984L, 1984L, 1984L, 1984L, 1984L, 1984L, 1984L, 1984L, 1984L,
1985L, 1985L, 1985L, 1985L, 1985L, 1985L, 1985L, 1985L, 1985L,
1985L, 1985L, 1985L, 1986L, 1986L, 1986L, 1986L, 1986L, 1986L,
1986L, 1986L, 1986L, 1986L, 1986L, 1986L, 1987L, 1987L, 1987L,
1987L, 1987L, 1987L, 1987L, 1987L, 1987L, 1987L, 1987L, 1987L,
1988L, 1988L, 1988L, 1988L, 1988L, 1988L, 1988L, 1988L, 1988L,
1988L, 1988L, 1988L, 1989L, 1989L, 1989L, 1989L, 1989L, 1989L,
1989L, 1989L, 1989L, 1989L, 1989L, 1989L, 1990L, 1990L, 1990L,
1990L, 1990L, 1990L, 1990L, 1990L, 1990L, 1990L, 1990L, 1990L,
1991L, 1991L, 1991L, 1991L, 1991L, 1991L, 1991L, 1991L, 1991L,
1991L, 1991L, 1991L, 1992L, 1992L, 1992L, 1992L, 1992L, 1992L,
1992L, 1992L, 1992L, 1992L, 1992L, 1992L, 1993L, 1993L, 1993L,
1993L, 1993L, 1993L, 1993L, 1993L, 1993L, 1993L, 1993L, 1993L,
1994L, 1994L, 1994L, 1994L, 1994L, 1994L, 1994L, 1994L, 1994L,
1994L, 1994L, 1994L, 1995L, 1995L, 1995L, 1995L, 1995L, 1995L,
1995L, 1995L, 1995L, 1995L, 1995L, 1995L, 1996L, 1996L, 1996L,
1996L, 1996L, 1996L, 1996L, 1996L, 1996L, 1996L, 1996L, 1996L,
1997L, 1997L, 1997L, 1997L, 1997L, 1997L, 1997L, 1997L, 1997L,
1997L, 1997L, 1997L, 1998L, 1998L, 1998L, 1998L, 1998L, 1998L,
1998L, 1998L, 1998L, 1998L, 1998L, 1998L, 1999L, 1999L, 1999L,
1999L, 1999L, 1999L, 1999L, 1999L, 1999L, 1999L, 1999L, 1999L,
2000L, 2000L, 2000L, 2000L, 2000L, 2000L, 2000L, 2000L, 2000L,
2000L, 2000L, 2000L, 2001L, 2001L, 2001L, 2001L, 2001L, 2001L,
2001L, 2001L, 2001L, 2001L, 2001L, 2001L, 2002L, 2002L, 2002L,
2002L, 2002L, 2002L, 2002L, 2002L, 2002L, 2002L, 2002L, 2002L,
2003L, 2003L, 2003L, 2003L, 2003L, 2003L, 2003L, 2003L, 2003L,
2003L, 2003L, 2003L, 2004L, 2004L, 2004L, 2004L, 2004L, 2004L,
2004L, 2004L, 2004L, 2004L, 2004L, 2004L, 2005L, 2005L, 2005L,
2005L, 2005L, 2005L, 2005L, 2005L, 2005L, 2005L, 2005L, 2005L,
2006L, 2006L, 2006L, 2006L, 2006L, 2006L, 2006L, 2006L, 2006L,
2006L, 2006L, 2006L, 2007L, 2007L, 2007L, 2007L, 2007L, 2007L,
2007L, 2007L, 2007L, 2007L, 2007L, 2007L, 2008L, 2008L, 2008L,
2008L, 2008L, 2008L, 2008L, 2008L, 2008L, 2008L, 2008L, 2008L,
2009L, 2009L, 2009L, 2009L, 2009L, 2009L, 2009L, 2009L, 2009L,
2009L, 2009L, 2009L, 2010L, 2010L, 2010L, 2010L, 2010L, 2010L,
2010L, 2010L, 2010L, 2010L, 2010L, 2010L, 2011L, 2011L, 2011L,
2011L, 2011L, 2011L, 2011L, 2011L, 2011L, 2011L, 2011L, 2011L,
2012L, 2012L, 2012L, 2012L, 2012L, 2012L, 2012L, 2012L, 2012L,
2012L, 2012L, 2012L, 2013L, 2013L, 2013L, 2013L, 2013L, 2013L,
2013L, 2013L, 2013L, 2013L, 2013L, 2013L, 2014L, 2014L, 2014L,
2014L, 2014L, 2014L, 2014L, 2014L, 2014L, 2014L, 2014L, 2014L
), Age = c(3L, 4L, 5L, 6L, 7L, 8L, 9L, 10L, 11L, 12L, 13L, 14L,
3L, 4L, 5L, 6L, 7L, 8L, 9L, 10L, 11L, 12L, 13L, 14L, 3L, 4L,
5L, 6L, 7L, 8L, 9L, 10L, 11L, 12L, 13L, 14L, 3L, 4L, 5L, 6L,
7L, 8L, 9L, 10L, 11L, 12L, 13L, 14L, 3L, 4L, 5L, 6L, 7L, 8L,
9L, 10L, 11L, 12L, 13L, 14L, 3L, 4L, 5L, 6L, 7L, 8L, 9L, 10L,
11L, 12L, 13L, 14L, 3L, 4L, 5L, 6L, 7L, 8L, 9L, 10L, 11L, 12L,
13L, 14L, 3L, 4L, 5L, 6L, 7L, 8L, 9L, 10L, 11L, 12L, 13L, 14L,
3L, 4L, 5L, 6L, 7L, 8L, 9L, 10L, 11L, 12L, 13L, 14L, 3L, 4L,
5L, 6L, 7L, 8L, 9L, 10L, 11L, 12L, 13L, 14L, 3L, 4L, 5L, 6L,
7L, 8L, 9L, 10L, 11L, 12L, 13L, 14L, 3L, 4L, 5L, 6L, 7L, 8L,
9L, 10L, 11L, 12L, 13L, 14L, 3L, 4L, 5L, 6L, 7L, 8L, 9L, 10L,
11L, 12L, 13L, 14L, 3L, 4L, 5L, 6L, 7L, 8L, 9L, 10L, 11L, 12L,
13L, 14L, 3L, 4L, 5L, 6L, 7L, 8L, 9L, 10L, 11L, 12L, 13L, 14L,
3L, 4L, 5L, 6L, 7L, 8L, 9L, 10L, 11L, 12L, 13L, 14L, 3L, 4L,
5L, 6L, 7L, 8L, 9L, 10L, 11L, 12L, 13L, 14L, 3L, 4L, 5L, 6L,
7L, 8L, 9L, 10L, 11L, 12L, 13L, 14L, 3L, 4L, 5L, 6L, 7L, 8L,
9L, 10L, 11L, 12L, 13L, 14L, 3L, 4L, 5L, 6L, 7L, 8L, 9L, 10L,
11L, 12L, 13L, 14L, 3L, 4L, 5L, 6L, 7L, 8L, 9L, 10L, 11L, 12L,
13L, 14L, 3L, 4L, 5L, 6L, 7L, 8L, 9L, 10L, 11L, 12L, 13L, 14L,
3L, 4L, 5L, 6L, 7L, 8L, 9L, 10L, 11L, 12L, 13L, 14L, 3L, 4L,
5L, 6L, 7L, 8L, 9L, 10L, 11L, 12L, 13L, 14L, 3L, 4L, 5L, 6L,
7L, 8L, 9L, 10L, 11L, 12L, 13L, 14L, 3L, 4L, 5L, 6L, 7L, 8L,
9L, 10L, 11L, 12L, 13L, 14L, 3L, 4L, 5L, 6L, 7L, 8L, 9L, 10L,
11L, 12L, 13L, 14L, 3L, 4L, 5L, 6L, 7L, 8L, 9L, 10L, 11L, 12L,
13L, 14L, 3L, 4L, 5L, 6L, 7L, 8L, 9L, 10L, 11L, 12L, 13L, 14L,
3L, 4L, 5L, 6L, 7L, 8L, 9L, 10L, 11L, 12L, 13L, 14L, 3L, 4L,
5L, 6L, 7L, 8L, 9L, 10L, 11L, 12L, 13L, 14L, 3L, 4L, 5L, 6L,
7L, 8L, 9L, 10L, 11L, 12L, 13L, 14L, 3L, 4L, 5L, 6L, 7L, 8L,
9L, 10L, 11L, 12L, 13L, 14L, 3L, 4L, 5L, 6L, 7L, 8L, 9L, 10L,
11L, 12L, 13L, 14L, 3L, 4L, 5L, 6L, 7L, 8L, 9L, 10L, 11L, 12L,
13L, 14L), Catch = c(275L, 2540L, 5214L, 2596L, 2169L, 1341L,
387L, 262L, 155L, 112L, 64L, 33L, 203L, 1325L, 3503L, 5404L,
1457L, 1415L, 578L, 242L, 61L, 154L, 135L, 128L, 508L, 1092L,
2804L, 4845L, 4293L, 1215L, 975L, 306L, 59L, 35L, 48L, 46L, 107L,
1750L, 1065L, 2455L, 4454L, 2311L, 501L, 251L, 38L, 12L, 2L,
4L, 53L, 657L, 800L, 1825L, 2184L, 3610L, 844L, 376L, 291L, 135L,
185L, 226L, 376L, 4014L, 3366L, 1958L, 1536L, 1172L, 747L, 479L,
74L, 23L, 72L, 71L, 3108L, 1400L, 4170L, 2665L, 1550L, 1116L,
628L, 1549L, 216L, 51L, 30L, 14L, 956L, 5135L, 4428L, 5409L,
2915L, 1348L, 661L, 496L, 498L, 58L, 27L, 48L, 1318L, 5067L,
6619L, 3678L, 2859L, 1775L, 845L, 226L, 270L, 107L, 24L, 1L,
315L, 4313L, 8471L, 7309L, 1794L, 1928L, 848L, 270L, 191L, 135L,
76L, 10L, 143L, 1692L, 5471L, 10112L, 6174L, 1816L, 1087L, 380L,
151L, 55L, 76L, 37L, 198L, 874L, 3613L, 6844L, 10772L, 3223L,
858L, 838L, 228L, 40L, 6L, 5L, 242L, 2928L, 3844L, 4355L, 3884L,
4046L, 1290L, 350L, 196L, 56L, 54L, 15L, 657L, 1083L, 2841L,
2252L, 2247L, 2314L, 3671L, 830L, 223L, 188L, 81L, 12L, 702L,
2955L, 1770L, 2603L, 1377L, 1243L, 1263L, 2009L, 454L, 158L,
188L, 82L, 1573L, 1853L, 2661L, 1807L, 2370L, 905L, 574L, 482L,
521L, 106L, 35L, 13L, 1102L, 2608L, 1868L, 1649L, 835L, 1233L,
385L, 267L, 210L, 232L, 141L, 74L, 603L, 2960L, 2766L, 1651L,
1178L, 599L, 454L, 125L, 95L, 114L, 77L, 43L, 183L, 1289L, 1767L,
1545L, 1114L, 658L, 351L, 265L, 120L, 81L, 85L, 85L, 989L, 732L,
1564L, 2176L, 1934L, 669L, 324L, 140L, 72L, 25L, 28L, 22L, 850L,
2383L, 896L, 1511L, 1612L, 1806L, 335L, 173L, 57L, 33L, 17L,
7L, 1223L, 2619L, 2184L, 591L, 977L, 943L, 819L, 186L, 94L, 28L,
28L, 13L, 1187L, 4190L, 3147L, 2970L, 519L, 820L, 570L, 309L,
101L, 27L, 15L, 11L, 2284L, 4363L, 6031L, 2472L, 1942L, 285L,
438L, 289L, 196L, 28L, 29L, 15L, 952L, 7841L, 7195L, 5363L, 1563L,
1057L, 211L, 224L, 157L, 74L, 39L, 11L, 2607L, 3089L, 7333L,
6876L, 3592L, 978L, 642L, 119L, 149L, 89L, 46L, 12L, 1380L, 10051L,
2616L, 5840L, 4514L, 1989L, 667L, 485L, 118L, 112L, 86L, 31L,
1244L, 6552L, 8751L, 2124L, 2935L, 1817L, 964L, 395L, 190L, 43L,
36L, 20L, 1432L, 3602L, 5874L, 6706L, 1155L, 1894L, 1248L, 803L,
262L, 176L, 87L, 44L, 2820L, 5166L, 2084L, 2734L, 2883L, 777L,
1101L, 847L, 555L, 203L, 134L, 36L, 2146L, 6284L, 3058L, 997L,
1644L, 1571L, 514L, 656L, 522L, 231L, 114L, 64L, 2004L, 4850L,
4006L, 1502L, 677L, 1065L, 1145L, 323L, 433L, 244L, 150L, 75L,
1183L, 4816L, 3514L, 2417L, 903L, 432L, 883L, 1015L, 354L, 277L,
173L, 99L, 1163L, 5538L, 6366L, 2963L, 1610L, 664L, 375L, 537L,
460L, 124L, 118L, 78L, 668L, 3499L, 4867L, 2805L, 1276L, 725L,
347L, 241L, 312L, 199L, 128L, 74L)),